0
0
0
9
0
0
3
10
0
0
0
11
12
12
12
13
0
0
4
7
0
0
0
12
0
0
8
15
12
12
12
16
0
0
5
10
2
8
9
13
3
3
14
13
12
12
15
14
9
10
12
16
12
11
13
16
11
11
14
16
15
16
15
17
0
0
1
8
0
0
4
9
2
5
6
10
12
12
12
15
0
0
0
9
0
0
7
12
2
4
6
13
12
12
12
14
4
6
10
10
2
6
8
11
0
8
10
11
12
12
15
14
10
12
11
13
12
12
13
16
11
12
11
16
17
17
17
16
0
3
4
8
0
10
9
8
3
9
10
9
12
13
12
14
0
5
8
10
0
4
4
12
0
10
8
13
12
12
15
15
6
11
8
13
1
9
12
12
8
5
14
13
12
13
15
16
11
11
12
17
12
13
14
15
12
12
14
14
16
16
17
19
9
11
5
11
11
9
10
9
8
9
7
13
13
14
13
16
11
9
10
13
10
11
8
14
11
11
12
12
13
13
15
14
11
3
11
12
11
9
10
11
11
7
12
13
14
14
14
14
13
14
14
15
15
15
15
16
14
8
14
16
17
16
18
19
